10000
47605
97453
149650
204308
261541
321471
384227
449939
518749
590801
666249
745253
827981
914607
1005315
1100299
1199759
1303907
1412963
1527158
1646735
1771948
1903062
2040355
2184119
2334658
2492291
2657354
2830196
3011184
3200701
3399150
3606951
3824546
4052396
4290984
4540817
4802424
5076359
5363205
5663570
5978091
6307434
6652299
7013417
7391553
7787511
8202130
8636289
9090909
9566955
10065436
11133984
12305624
12933174
14278396
14998921
15753403
17370716
18236977
19144064
20093900
21088501
22129976
23220535
24362489
25558263
26810391
28121530
29494462
32437487
34013823
35664450
37392868
39202745
41097918
43082407
45160423
47336373
49614872
52000754
54499078
57115145
59854504
62722964
65726611
68871815
72165248
75613896
79225074
83006442
86966019
91112206
95453797
100000000